-1.032706 8.723995
-1.509723 8.871254
-1.371447 8.602793
-1.096808 8.439807
-1.081001 8.555083
-1.098905 8.869823
-0.882470 8.402986
-0.907579 8.204626
-0.881710 8.879457
-1.404290 8.806577
-1.310690 8.660261
-0.547070 8.458792
-1.200000 8.879588
-0.971630 9.171847
-0.988190 8.247040
-0.582364 8.689239
-1.413677 8.651606
-0.997671 9.034802
-0.403038 9.574573
-0.260471 8.471110
-1.224451 9.115729
-0.647421 8.529838
-0.912919 8.971734
-1.314231 8.655994
-1.159803 8.848117
-1.108680 8.990621
-0.853045 8.073542
-1.113255 8.804590
-0.829322 8.501019
-1.466168 8.713847
2.070896 9.194090
1.927569 8.863497
1.896369 9.714760
2.307087 9.083288
2.089526 8.566879
2.538001 9.270571
1.983808 8.837247
1.777736 8.652400
2.200898 8.833195
1.324957 8.991429
1.947470 9.577685
2.589029 9.243813
1.884990 8.961465
1.927487 8.801683
2.284504 8.356937
2.629338 9.142527
2.750997 8.775644
1.614086 9.134601
2.001352 8.864966
2.286672 8.854681
2.367580 8.721575
2.296854 9.393285
2.442309 9.489460
1.976749 9.179916
2.386552 9.091996
2.184828 9.044929
2.469409 8.678290
2.107038 9.178342
1.202198 9.465215
2.319669 8.709868
1.951218 4.796190
1.542118 5.584860
2.829533 5.115170
2.200475 4.720147
1.516528 5.286834
2.275088 4.784775
2.361512 5.148503
2.498973 4.966027
3.049386 4.775995
3.380117 4.536885
2.062011 4.372875
2.306226 4.155018
2.223717 4.019077
2.334292 4.932931
2.242101 4.517064
3.079745 4.932093
2.939727 4.182425
2.797684 4.726263
2.256822 4.756997
1.743011 5.610525
2.497811 3.857557
2.433044 4.754246
1.846642 4.931949
2.011584 5.440023
2.201245 5.354626
2.597599 4.698615
2.499438 5.149962
2.218854 4.684634
2.336342 4.694827
2.194426 5.335323
2.096077 5.361052
2.307166 5.526231
2.930613 5.155151
2.131724 3.987665
2.120271 4.699615
2.728682 4.744232
2.176045 4.001014
3.186319 4.583687
2.461437 4.490433
2.966077 5.441301
