251
446
10
53
3944
9
17
489
323
567
6
3
1789
263
5
204
263
1820
217
78
120
21
212
20
227
136
165
684
443
3
337
297
702
22
264
264
49
890
233
2357
114
9
158
108
1179
399
996
232
288
65
686
50
51
21
38
307
13
86
302
781
3
99
61
422
134
607
5
905
547
533
3
238
590
40
78
801
348
492
100
56
78
41
349
224
1972
99
60
1886
694
51
685
200
416
934
149
161
303
65
270
128
9
2290
120
8
673
16
28
391
415
12
88
619
642
599
823
48
13
360
446
12
38
83
155
315
486
3
23
340
1038
510
662
255
234
808
282
873
100
316
1096
4
350
5
23
740
169
422
844
527
345
198
598
1
95
1502
1486
261
452
9
255
3
241
106
100
887
510
1
467
1030
1429
4
314
82
104
181
252
92
50
336
230
30
140
20
3271
38
586
118
382
239
456
480
46
65
1
108
1017
496
63
5
40
279
1
15
127
1364
910
37
309
39
33
277
1
1357
5
926
54
82
260
13
45
83
81
57
26
599
23
27
799
352
30
170
138
217
86
139
665
693
6617
2674
348
95
159
988
92
21
1069
268
817
114
557
1489
369
1998
180
12
170
3
512
11
190
521
212
24
11
1
309
169
281
348
30
9
4
17
719
9
115
143
301
930
498
340
884
321
53
5
1
1597
19
2141
4
746
46
47
846
105
31
225
61
797
1565
183
21
17
16
34
746
130
31
2
432
99
8
2185
131
512
3024
180
381
2209
1358
392
625
169
276
243
1
87
96
464
104
1
1231
654
1
71
78
149
1656
9
82
32
3
303
69
361
276
83
964
677
196
170
10
180
14
129
31
20
59
17
328
492
32
7
180
55
439
300
1
1288
83
28
379
6
2
657
90
9
201
1002
18
33
115
7
42
236
9
10
3903
929
671
1008
58
17
300
42
1221
45
86
1258
202
350
33
53
475
328
3093
135
3
4
2
1
233
40
94
116
278
511
68
251
618
147
112
9
1170
150
64
532
2806
215
1023
239
1135
169
26
314
24
204
8
114
1
296
119
1210
44
1478
15
188
67
12
139
31
460
119
15
329
597
68
99
344
17
2140
3053
590
31
106
222
1
62
22
104
2489
2
399
242
910
370
508
461
99
104
533
123
592
48
9
56
32
70
5
32
470
999
869
328
958
62
660
1
897
23
264
692
16
71
35
45
123
123
9
780
362
932
281
2
85
350
198
599
18
26
162
41
763
185
1116
422
232
2
6
7
1068
183
14
189
3
147
29
2381
365
281
173
11
26
20
766
3
118
296
140
2
402
3100
40
22
839
654
372
507
214
27
71
72
533
121
149
84
5
169
149
405
22
699
301
795
352
56
9
180
27
1
389
4
34
5
181
18
120
26
124
408
797
1468
326
9
30
20
31
7
497
70
128
331
5
264
238
39
1
9
84
1800
270
376
411
11
1
55
539
490
19
1
2472
202
149
224
180
257
554
508
180
1082
31
1420
40
12
47
231
26
101
49
94
1
1156
65
201
123
875
7
2
954
377
101
36
643
272
51
11
2
1
2546
446
1
178
84
807
436
245
16
255
385
111
405
71
1027
34
2186
20
1261
6
334
31
13
52
582
10
1966
66
36
77
480
1
394
8
544
57
6
270
3
429
31
32
431
90
396
51
35
9
237
442
2153
610
22
901
1283
5
706
158
56
12
648
67
12
440
45
10
11
531
458
560
468
3015
4
473
1334
265
1
67
16
3
121
116
13
47
21
723
1
566
4
9
71
112
1
1058
120
91
29
1152
413
76
14
38
699
77
511
348
476
2
2
615
5
562
99
1529
979
2560
56
956
1414
566
3152
51
190
118
110
4
660
3
591
384
479
179
72
25
5
362
526
924
1127
214
7
473
1598
124
203
1899
99
39
487
194
3607
16
724
120
269
12
7
358
234
431
530
1
4
166
93
413
23
304
23
272
304
111
274
13
1469
44
92
46
909
334
14
38
26
140
136
2316
332
38
181
161
705
1077
785
76
153
675
483
78
18
7
707
975
74
51
303
685
542
201
3
1665
438
448
52
258
2305
351
801
1490
275
184
168
3
1081
242
591
200
621
210
510
730
65
127
82
29
291
214
1261
1
572
28
17
17
102
8
90
67
174
110
181
525
2255
192
1078
949
206
1
30
91
955
500
343
16
1
10
156
95
442
1
406
752
867
530
4
463
40
350
292
992
165
39
82
546
2
145
246
29
1744
31
619
1403
610
775
403
1
144
16
185
86
154
80
658
584
94
87
53
1804
248
39
8
29
512
14
381
8
124
1405
206
1007
566
992
12
458
1
101
79
95
493
51
468
95
8
33
1
74
3
1
544
116
85
81
592
880
846
